%YAML:1.0
---
K1: !!opencv-matrix
   rows: 3
   cols: 3
   dt: d
   data: [ 1.1125574786084735e+03, 0., 1.0910937347755205e+03, 0.,
       1.1427873255335339e+03, 5.7676401422346225e+02, 0., 0., 1. ]
K2: !!opencv-matrix
   rows: 3
   cols: 3
   dt: d
   data: [ 1.9955326174097868e+03, 0., 4.6942544373010372e+02, 0.,
       1.7602103845722700e+03, 1.9539616196352199e+02, 0., 0., 1. ]
D1: [ 4.0226809343650216e-01, -3.4585172604807659e+00,
    1.5955992521534750e+01, -2.6483848041523977e+01 ]
D2: [ -1.0246552127905417e+00, 5.2450981132709682e+00,
    -1.3663134386346536e+01, 1.2966943657369185e+01 ]
R: !!opencv-matrix
   rows: 3
   cols: 3
   dt: d
   data: [ 4.1506256743721726e-01, -1.2030471842560501e-01,
       9.0180365925015038e-01, -3.6919354640209082e-02,
       9.8817494600568379e-01, 1.4881947903286818e-01,
       -9.0904346780853995e-01, -9.5063404163745979e-02,
       4.0571285760180725e-01 ]
T: [ -1.2925850691897432e+02, 6.2875031943029356e+01,
    2.7182731857464285e+02 ]
R1: !!opencv-matrix
   rows: 3
   cols: 3
   dt: d
   data: [ 9.8563492556157284e-01, -1.6859354474969612e-01,
       -1.0000509085271003e-02, 1.6847822492719877e-01,
       9.7737549466398965e-01, 1.2787583882697123e-01,
       -1.1784788441571437e-02, -1.2772376090240026e-01,
       9.9173976408246034e-01 ]
R2: !!opencv-matrix
   rows: 3
   cols: 3
   dt: d
   data: [ 4.2036426600140181e-01, -2.0447719289465516e-01,
       -8.8401524956022359e-01, 6.7665020297755438e-02,
       9.7862828504674726e-01, -1.9418579951831338e-01,
       9.0482889481780315e-01, 2.1811861277393339e-02,
       4.2521631413953165e-01 ]
P1: !!opencv-matrix
   rows: 3
   cols: 4
   dt: d
   data: [ 8.8362787722106145e+02, 0., 2.7340123646435381e+03, 0., 0.,
       8.8362787722106145e+02, 5.3057806569470927e+02, 0., 0., 0., 1.,
       0. ]
P2: !!opencv-matrix
   rows: 3
   cols: 4
   dt: d
   data: [ 8.8362787722106145e+02, 0., 2.7340123646435381e+03,
       -2.7170820481014968e+05, 0., 8.8362787722106145e+02,
       5.3057806569470927e+02, 0., 0., 0., 1., 0. ]
Q: !!opencv-matrix
   rows: 4
   cols: 4
   dt: d
   data: [ 1., 0., 0., -2.7340123646435381e+03, 0., 1., 0.,
       -5.3057806569470927e+02, 0., 0., 0., 8.8362787722106145e+02, 0.,
       0., 3.2521206999931327e-03, 0. ]
